q=3.2858e-5
theta=3.6003
sigma=3/7
e=3.86834
alpha=3.7826e-5
gammaI=3.33029
gammaA=3.13978
lambda=3/14
deltaQ=3.1259
gammaH=3.11624